0 1
1 1
2 2
3 4
4 7
5 11
6 16
7 22
8 29
9 37
10 46
11 56
12 67
13 79
14 92
15 106
16 121
17 137
18 154
19 172
20 191
21 211
22 232
23 254
24 277
25 301
26 326
27 352
28 379
29 407
30 436
31 466
32 497
33 529
34 562
35 596
36 631
37 667
38 704
39 742
40 781
41 821
42 862
43 904
44 947
45 991
46 1036
47 1082
48 1129
49 1177
50 1226
51 1276
52 1327
53 1379
54 1432
55 1486
56 1541
57 1597
58 1654
59 1712
60 1771
61 1831
62 1892
63 1954
64 2017
65 2081
66 2146
67 2212
68 2279
69 2347
70 2416
71 2486
72 2557
73 2629
74 2702
75 2776
76 2851
77 2927
78 3004
79 3082
80 3161
81 3241
82 3322
83 3404
84 3487
85 3571
86 3656
87 3742
88 3829
89 3917
90 4006
91 4096
92 4187
93 4279
94 4372
95 4466
96 4561
97 4657
98 4754
99 4852
100 4951
101 5051
102 5152
103 5254
104 5357
105 5461
106 5566
107 5672
108 5779
109 5887
110 5996
111 6106
112 6217
113 6329
114 6442
115 6556
116 6671
117 6787
118 6904
119 7022
120 7141
121 7261
122 7382
123 7504
124 7627
125 7751
126 7876
127 8002
128 8129
129 8257
130 8386
131 8516
132 8647
133 8779
134 8912
135 9046
136 9181
137 9317
138 9454
139 9592
140 9731
141 9871
142 10012
143 10154
144 10297
145 10441
146 10586
147 10732
148 10879
149 11027
150 11176
151 11326
152 11477
153 11629
154 11782
155 11936
156 12091
157 12247
158 12404
159 12562
160 12721
161 12881
162 13042
163 13204
164 13367
165 13531
166 13696
167 13862
168 14029
169 14197
170 14366
171 14536
172 14707
173 14879
174 15052
175 15226
176 15401
177 15577
178 15754
179 15932
180 16111
181 16291
182 16472
183 16654
184 16837
185 17021
186 17206
187 17392
188 17579
189 17767
190 17956
191 18146
192 18337
193 18529
194 18722
195 18916
196 19111
197 19307
198 19504
199 19702
200 19901
201 20101
202 20302
203 20504
204 20707
205 20911
206 21116
207 21322
208 21529
209 21737
210 21946
211 22156
212 22367
213 22579
214 22792
215 23006
216 23221
217 23437
218 23654
219 23872
220 24091
221 24311
222 24532
223 24754
224 24977
225 25201
226 25426
227 25652
228 25879
229 26107
230 26336
231 26566
232 26797
233 27029
234 27262
235 27496
236 27731
237 27967
238 28204
239 28442
240 28681
241 28921
242 29162
243 29404
244 29647
245 29891
246 30136
247 30382
248 30629
249 30877
250 31126
251 31376
252 31627
253 31879
254 32132
255 32386
256 32641
257 32897
258 33154
259 33412
260 33671
261 33931
262 34192
263 34454
264 34717
265 34981
266 35246
267 35512
268 35779
269 36047
270 36316
271 36586
272 36857
273 37129
274 37402
275 37676
276 37951
277 38227
278 38504
279 38782
280 39061
281 39341
282 39622
283 39904
284 40187
285 40471
286 40756
287 41042
288 41329
289 41617
290 41906
291 42196
292 42487
293 42779
294 43072
295 43366
296 43661
297 43957
298 44254
299 44552
300 44851
301 45151
302 45452
303 45754
304 46057
305 46361
306 46666
307 46972
308 47279
309 47587
310 47896
311 48206
312 48517
313 48829
314 49142
315 49456
316 49771
317 50087
318 50404
319 50722
320 51041
321 51361
322 51682
323 52004
324 52327
325 52651
326 52976
327 53302
328 53629
329 53957
330 54286
331 54616
332 54947
333 55279
334 55612
335 55946
336 56281
337 56617
338 56954
339 57292
340 57631
341 57971
342 58312
343 58654
344 58997
345 59341
346 59686
347 60032
348 60379
349 60727
350 61076
351 61426
352 61777
353 62129
354 62482
355 62836
356 63191
357 63547
358 63904
359 64262
360 64621
361 64981
362 65342
363 65704
364 66067
365 66431
366 66796
367 67162
368 67529
369 67897
370 68266
371 68636
372 69007
373 69379
374 69752
375 70126
376 70501
377 70877
378 71254
379 71632
380 72011
381 72391
382 72772
383 73154
384 73537
385 73921
386 74306
387 74692
388 75079
389 75467
390 75856
391 76246
392 76637
393 77029
394 77422
395 77816
396 78211
397 78607
398 79004
399 79402
400 79801
401 80201
402 80602
403 81004
404 81407
405 81811
406 82216
407 82622
408 83029
409 83437
410 83846
411 84256
412 84667
413 85079
414 85492
415 85906
416 86321
417 86737
418 87154
419 87572
420 87991
421 88411
422 88832
423 89254
424 89677
425 90101
426 90526
427 90952
428 91379
429 91807
430 92236
431 92666
432 93097
433 93529
434 93962
435 94396
436 94831
437 95267
438 95704
439 96142
440 96581
441 97021
442 97462
443 97904
444 98347
445 98791
446 99236
447 99682
448 100129
449 100577
450 101026
451 101476
452 101927
453 102379
454 102832
455 103286
456 103741
457 104197
458 104654
459 105112
460 105571
461 106031
462 106492
463 106954
464 107417
465 107881
466 108346
467 108812
468 109279
469 109747
470 110216
471 110686
472 111157
473 111629
474 112102
475 112576
476 113051
477 113527
478 114004
479 114482
480 114961
481 115441
482 115922
483 116404
484 116887
485 117371
486 117856
487 118342
488 118829
489 119317
490 119806
491 120296
492 120787
493 121279
494 121772
495 122266
496 122761
497 123257
498 123754
499 124252
500 124751
501 125251
502 125752
503 126254
504 126757
505 127261
506 127766
507 128272
508 128779
509 129287
510 129796
511 130306
512 130817
513 131329
514 131842
515 132356
516 132871
517 133387
518 133904
519 134422
520 134941
521 135461
522 135982
523 136504
524 137027
525 137551
526 138076
527 138602
528 139129
529 139657
530 140186
531 140716
532 141247
533 141779
534 142312
535 142846
536 143381
537 143917
538 144454
539 144992
540 145531
541 146071
542 146612
543 147154
544 147697
545 148241
546 148786
547 149332
548 149879
549 150427
550 150976
551 151526
552 152077
553 152629
554 153182
555 153736
556 154291
557 154847
558 155404
559 155962
560 156521
561 157081
562 157642
563 158204
564 158767
565 159331
566 159896
567 160462
568 161029
569 161597
570 162166
571 162736
572 163307
573 163879
574 164452
575 165026
576 165601
577 166177
578 166754
579 167332
580 167911
581 168491
582 169072
583 169654
584 170237
585 170821
586 171406
587 171992
588 172579
589 173167
590 173756
591 174346
592 174937
593 175529
594 176122
595 176716
596 177311
597 177907
598 178504
599 179102
600 179701
601 180301
602 180902
603 181504
604 182107
605 182711
606 183316
607 183922
608 184529
609 185137
610 185746
611 186356
612 186967
613 187579
614 188192
615 188806
616 189421
617 190037
618 190654
619 191272
620 191891
621 192511
622 193132
623 193754
624 194377
625 195001
626 195626
627 196252
628 196879
629 197507
630 198136
631 198766
632 199397
633 200029
634 200662
635 201296
636 201931
637 202567
638 203204
639 203842
640 204481
641 205121
642 205762
643 206404
644 207047
645 207691
646 208336
647 208982
648 209629
649 210277
650 210926
651 211576
652 212227
653 212879
654 213532
655 214186
656 214841
657 215497
658 216154
659 216812
660 217471
661 218131
662 218792
663 219454
664 220117
665 220781
666 221446
667 222112
668 222779
669 223447
670 224116
671 224786
672 225457
673 226129
674 226802
675 227476
676 228151
677 228827
678 229504
679 230182
680 230861
681 231541
682 232222
683 232904
684 233587
685 234271
686 234956
687 235642
688 236329
689 237017
690 237706
691 238396
692 239087
693 239779
694 240472
695 241166
696 241861
697 242557
698 243254
699 243952
700 244651
701 245351
702 246052
703 246754
704 247457
705 248161
706 248866
707 249572
708 250279
709 250987
710 251696
711 252406
712 253117
713 253829
714 254542
715 255256
716 255971
717 256687
718 257404
719 258122
720 258841
721 259561
722 260282
723 261004
724 261727
725 262451
726 263176
727 263902
728 264629
729 265357
730 266086
731 266816
732 267547
733 268279
734 269012
735 269746
736 270481
737 271217
738 271954
739 272692
740 273431
741 274171
742 274912
743 275654
744 276397
745 277141
746 277886
747 278632
748 279379
749 280127
750 280876
751 281626
752 282377
753 283129
754 283882
755 284636
756 285391
757 286147
758 286904
759 287662
760 288421
761 289181
762 289942
763 290704
764 291467
765 292231
766 292996
767 293762
768 294529
769 295297
770 296066
771 296836
772 297607
773 298379
774 299152
775 299926
776 300701
777 301477
778 302254
779 303032
780 303811
781 304591
782 305372
783 306154
784 306937
785 307721
786 308506
787 309292
788 310079
789 310867
790 311656
791 312446
792 313237
793 314029
794 314822
795 315616
796 316411
797 317207
798 318004
799 318802
800 319601
801 320401
802 321202
803 322004
804 322807
805 323611
806 324416
807 325222
808 326029
809 326837
810 327646
811 328456
812 329267
813 330079
814 330892
815 331706
816 332521
817 333337
818 334154
819 334972
820 335791
821 336611
822 337432
823 338254
824 339077
825 339901
826 340726
827 341552
828 342379
829 343207
830 344036
831 344866
832 345697
833 346529
834 347362
835 348196
836 349031
837 349867
838 350704
839 351542
840 352381
841 353221
842 354062
843 354904
844 355747
845 356591
846 357436
847 358282
848 359129
849 359977
850 360826
851 361676
852 362527
853 363379
854 364232
855 365086
856 365941
857 366797
858 367654
859 368512
860 369371
861 370231
862 371092
863 371954
864 372817
865 373681
866 374546
867 375412
868 376279
869 377147
870 378016
871 378886
872 379757
873 380629
874 381502
875 382376
876 383251
877 384127
878 385004
879 385882
880 386761
881 387641
882 388522
883 389404
884 390287
885 391171
886 392056
887 392942
888 393829
889 394717
890 395606
891 396496
892 397387
893 398279
894 399172
895 400066
896 400961
897 401857
898 402754
899 403652
900 404551
901 405451
902 406352
903 407254
904 408157
905 409061
906 409966
907 410872
908 411779
909 412687
910 413596
911 414506
912 415417
913 416329
914 417242
915 418156
916 419071
917 419987
918 420904
919 421822
920 422741
921 423661
922 424582
923 425504
924 426427
925 427351
926 428276
927 429202
928 430129
929 431057
930 431986
931 432916
932 433847
933 434779
934 435712
935 436646
936 437581
937 438517
938 439454
939 440392
940 441331
941 442271
942 443212
943 444154
944 445097
945 446041
946 446986
947 447932
948 448879
949 449827
950 450776
951 451726
952 452677
953 453629
954 454582
955 455536
956 456491
957 457447
958 458404
959 459362
960 460321
961 461281
962 462242
963 463204
964 464167
965 465131
966 466096
967 467062
968 468029
969 468997
970 469966
971 470936
972 471907
973 472879
974 473852
975 474826
976 475801
977 476777
978 477754
979 478732
980 479711
981 480691
982 481672
983 482654
984 483637
985 484621
986 485606
987 486592
988 487579
989 488567
990 489556
991 490546
992 491537
993 492529
994 493522
995 494516
996 495511
997 496507
998 497504
999 498502
MAX_INT 2147483647
maxn 4294967295 guess 65535 2147385346 2147450881
num 1 guess 0 1 2 1 digit 1
num 2 guess 1 1 1 2 digit 1
num 4 guess 2 2 1 4 digit 1
num 3 guess 2 2 1 4 digit 0
num 14 guess 5 11 7 16 digit 0
num 7 guess 3 4 2 7 digit 1
num 6 guess 3 4 2 7 digit 0
num 10000 guess 141 9871 9731 10012 digit 0

